N = 1000; 
mu = [5,5]';
p1 = -0.8 ;
p2 = 0.2 ;
p3 = 0.9 ;
sigmax1 = 2;
sigmax2 = 1;